apples:
- id: 0
  center:
    x: 0.8831914986094609
    y: -0.2029787325863125
    z: 0.5110638307878906
  radius: 0.055977569492383084
  volume: 0.0007347349900707574
  num_pc_points: 721
- id: 2
  center:
    x: 0.8364444263469915
    y: -0.2059999942890024
    z: 0.723777754272467
  radius: 0.05300022541113514
  volume: 0.000623622476124844
  num_pc_points: 360
- id: 3
  center:
    x: 0.8386207744706581
    y: 0.06344829507693435
    z: 0.5155172501103717
  radius: 0.05390218910251799
  volume: 0.0006560060116681699
  num_pc_points: 377
- id: 4
  center:
    x: 0.754629629024075
    y: 0.10444445296387185
    z: 0.6753703781284869
  radius: 0.05037480315396731
  volume: 0.0005354620490505399
  num_pc_points: 402
